#plotCorrelation --outFileCorMatrix
Name	'Liver_ChattyPatty_Nuclei'	'Liver_GunevaStar_Nuclei'	'Liver_ChattyPatty_Tissue'	'Liver_GunevaStar_Tissue'	'Lamina_ChattyPatty_Nuclei'	'Lamina_GunevaStar_Nuclei'	'Lamina_ChattyPatty_Tissue'	'Lamina_GunevaStar_Tissue'
'Liver_ChattyPatty_Nuclei'	1.0000	0.9300	0.8163	0.6405	0.2928	0.2338	0.4289	0.2620
'Liver_GunevaStar_Nuclei'	0.9300	1.0000	0.7188	0.6238	0.2149	0.1732	0.3436	0.2135
'Liver_ChattyPatty_Tissue'	0.8163	0.7188	1.0000	0.9002	0.6790	0.6376	0.6910	0.5491
'Liver_GunevaStar_Tissue'	0.6405	0.6238	0.9002	1.0000	0.8016	0.8044	0.7830	0.7323
'Lamina_ChattyPatty_Nuclei'	0.2928	0.2149	0.6790	0.8016	1.0000	0.9469	0.8515	0.7988
'Lamina_GunevaStar_Nuclei'	0.2338	0.1732	0.6376	0.8044	0.9469	1.0000	0.7717	0.7885
'Lamina_ChattyPatty_Tissue'	0.4289	0.3436	0.6910	0.7830	0.8515	0.7717	1.0000	0.9225
'Lamina_GunevaStar_Tissue'	0.2620	0.2135	0.5491	0.7323	0.7988	0.7885	0.9225	1.0000
